%YAML:1.0 # need to specify the file type at the top!

cam0:
  T_cam_imu:
    - [-0.999975325520593, -0.0030242701695749057, 0.006340515746041976, -0.0002039713347931333]
    - [0.002869619971989221, -0.9997015736092658, -0.024259616740057537, 0.00044298885914675543]
    - [0.006411991204044766, -0.024240823276026304, 0.9996855849994537, -0.0002665763852044449]
    - [0.0, 0.0, 0.0, 1.0]
  cam_overlaps: [1]
  camera_model: pinhole
  distortion_coeffs: [0.006637011346791666, 0.2349583541770218, 0.006529420458523951, 0.004606118509424292]
  distortion_model: radtan
  intrinsics: [954.8941427827635, 954.7312314946813, 250.11973967262782, 337.4286601643137]
  resolution: [480, 640]
  rostopic: /cam0/image_raw
  timeshift_cam_imu: -0.048779445347365606
cam1:
  T_cam_imu:
    - [-0.999972876677976, 0.0072547319423717765, -0.0012707371160645493, -0.1196975728264552]
    - [-0.007236850846652687, -0.9998819772854118, -0.013552102775536375, -0.002270157681432078]
    - [-0.0013689040131125722, -0.013542539062514423, 0.9999073585775552, -0.0008736360859920406]
    - [0.0, 0.0, 0.0, 1.0]
  T_cn_cnm1:
    - [0.9999182054697241, -0.010091281481851976, -0.00785801554172598, -0.1194912426115086]
    - [0.010174658197085039, 0.9998915879233993, 0.010643717893150854, -0.0027081858127820883]
    - [0.007749754884669956, -0.010722799917489876, 0.99991247760049, -0.0006007522234420271]
    - [0.0, 0.0, 0.0, 1.0]
  cam_overlaps: [0]
  camera_model: pinhole
  distortion_coeffs: [0.0063752621160499245, 0.25297666293858406, 0.0019110767794910163, 0.0012417255906973367]
  distortion_model: radtan
  intrinsics: [951.1308578159114, 951.5278959600993, 237.60383176977575, 335.8253725609326]
  resolution: [480, 640]
  rostopic: /cam1/image_raw
  timeshift_cam_imu: -0.03860385972530829
