cam0:
  T_cam_imu:
  - [-0.9993997654682722, -0.012652630718887375, 0.032249336704095084, -0.007405440696453277]
  - [0.011814578717327398, -0.9995909259784441, -0.026046044446112127, 0.004360574581760491]
  - [0.03256569532030141, -0.025649398383748526, 0.9991404224886796, -0.04987189047405652]
  - [0.0, 0.0, 0.0, 1.0]
  cam_overlaps: [1]
  camera_model: pinhole
  distortion_coeffs: [-0.0003770909925191597, 0.27572917243479905, -0.0005458483596768727, 0.000832890949174352]
  distortion_model: radtan
  intrinsics: [952.789960290129, 949.8469685971088, 244.28026149529896, 309.09702499878335]
  resolution: [480, 640]
  rostopic: /cam0/image_raw
  timeshift_cam_imu: -0.04674788468301861
cam1:
  T_cam_imu:
  - [-0.9997026553029876, 0.004503656331344498, -0.02396493396204397, -0.12371476608987052]
  - [-0.004123563005813885, -0.9998653026508065, -0.01588624509279501, 0.002567618480427891]
  - [-0.024033252137259143, -0.015782700486938573, 0.9995865691159753, -0.0525876441683513]
  - [0.0, 0.0, 0.0, 1.0]
  T_cn_cnm1:
  - [0.9982727629229373, -0.015688687982412172, -0.05661586240266954, -0.11907724473996306]
  - [0.01625969347701195, 0.9998213394164788, 0.009639067147522511, -0.0011910483416934904]
  - [0.056454523062737044, -0.010542974761961093, 0.9983495041862495, -0.002334022990395296]
  - [0.0, 0.0, 0.0, 1.0]
  cam_overlaps: [0]
  camera_model: pinhole
  distortion_coeffs: [0.001795045436722124, 0.2571114561617841, -0.0003031275903794041, 0.001567290383001653]
  distortion_model: radtan
  intrinsics: [948.4589423558871, 948.344677991967, 239.7341722374595, 320.8492683038491]
  resolution: [480, 640]
  rostopic: /cam1/image_raw
  timeshift_cam_imu: -0.03877947342034935
