cam0:
  T_cam_imu:
  - [-0.9862973848758703, -0.16495173215201062, 0.0028973517340250762, -0.002794863079583569]
  - [0.1646058738568961, -0.9851034316653879, -0.04976077986611488, 0.014301372562476416]
  - [0.01106231796808031, -0.04860200593728298, 0.998756962498908, -0.00041272467651700003]
  - [0.0, 0.0, 0.0, 1.0]
  camera_model: pinhole
  distortion_coeffs: [0.0362494725371381, -0.0719258886552234, 0.00951065891292991, 0.015570480705157]
  distortion_model: radtan
  intrinsics: [930.696564315459, 925.804149086972, 278.693837812323, 333.611231712436]
  resolution: [480, 640]
  rostopic: /cam0/image_raw
  timeshift_cam_imu: -0.1657610566074478
cam1:
  T_cam_imu:
  - [-0.9898880450295816, -0.14180267301183686, -0.0036959754073086007, -0.12183739938986334]
  - [0.14179996667922012, -0.9898948419037011, 0.0009856075379331883, 0.010239297783092259]
  - [-0.003798388774917256, 0.00045155192928752634, 0.9999926841450241, -0.0020611487596365807]
  - [0.0, 0.0, 0.0, 1.0]
  T_cn_cnm1:
  - [0.9997038781288965, -0.02306717225066982, -0.007749943122548945, -0.118716670298813]
  - [0.023430788160864992, 0.998440868575585, 0.050663893693560384, -0.00395338097611762]
  - [0.006569187179970168, -0.05083047828212565, 0.9986856904238716, -0.000903660944960514]
  - [0.0, 0.0, 0.0, 1.0]
  camera_model: pinhole
  distortion_coeffs: [-0.0194056671762347, 0.26756706166309, -0.00128287664591123, -0.00160400363032481]
  distortion_model: radtan
  intrinsics: [926.487505265094, 922.555549966116, 235.796922883957, 312.0687426694]
  resolution: [480, 640]
  rostopic: /cam1/image_raw
  timeshift_cam_imu: -0.10719851129439059
