cam0:
  T_cam_imu:
  - [-0.9992400113448184, -0.001655305650059783, -0.03894431525669318, 0.0003760695251543667]
  - [0.0029464040092318927, -0.999447091482545, -0.0331184243359563, 0.0026630382563359776]
  - [-0.038867961498156904, -0.03320800039579258, 0.9986924002307674, -0.00036304761820113695]
  - [0.0, 0.0, 0.0, 1.0]
  camera_model: pinhole
  distortion_coeffs: [0.0362494725371381, -0.0719258886552234, 0.00951065891292991, 0.015570480705157]
  distortion_model: radtan
  intrinsics: [930.696564315459, 925.804149086972, 278.693837812323, 333.611231712436]
  resolution: [480, 640]
  rostopic: /cam0/image_raw
  timeshift_cam_imu: -0.043722242628952065
cam1:
  T_cam_imu:
  - [-0.9987108552408778, 0.021656962851086346, -0.04590864389307256, -0.11839932729984727]
  - [-0.0224403731189567, -0.99961005383303, 0.016618361237161743, -0.0013040765469681092]
  - [-0.04553083876139652, 0.017627144862213517, 0.9988074020979671, -0.0013991244433501928]
  - [0.0, 0.0, 0.0, 1.0]
  T_cn_cnm1:
  - [0.9997038781288965, -0.02306717225066982, -0.007749943122548945, -0.118716670298813]
  - [0.023430788160864992, 0.998440868575585, 0.050663893693560384, -0.00395338097611762]
  - [0.006569187179970168, -0.05083047828212565, 0.9986856904238716, -0.000903660944960514]
  - [0.0, 0.0, 0.0, 1.0]
  camera_model: pinhole
  distortion_coeffs: [-0.0194056671762347, 0.26756706166309, -0.00128287664591123, -0.00160400363032481]
  distortion_model: radtan
  intrinsics: [926.487505265094, 922.555549966116, 235.796922883957, 312.0687426694]
  resolution: [480, 640]
  rostopic: /cam1/image_raw
  timeshift_cam_imu: -0.00651202004705001
